; source file ../data/Cello-arco-reference-1st/arco-ppC2.het
; via ../data/Cello-arco-reference-1st/arco-ppC2.asc
;
; number of harmonics (amp/frq track pairs):
; 10
;
; duration 2.549000 s
; avg. peak time 830 ms
; avg. release time 962 ms
; peak amp 7261 (track 3)
;
;
; amp track 1 (harmonic 0)
; peak time 493 ms
;
f500	0	32	-2
0
9
18
29
59
46
76
45
59
55
48
38
43
63
69
51
24
13
9
9
7
5
5
4
3
1
1
3
1
1
0
;
; frq track 2 (harmonic 0)
; Freq. diffs.
; 
f501	0	32	-2
-3.909
26.920
23.231
40.438
29.638
-4.609
-2.971
30.808
26.318
28.989
-1.742
-7.683
-6.946
-1.130
-2.844
-3.870
-6.763
-1.123
33.766
-0.604
0.057
-2.801
18.290
-0.207
-0.875
-1.871
-6.725
20.073
-0.850
-9.578
-4.116
;
; amp track 3 (harmonic 1)
; peak time 987 ms
;
f502	0	32	-2
0
22
71
437
1220
2627
4044
4150
5464
7044
7189
7219
7259
6257
2587
1025
230
353
365
334
269
203
184
147
120
63
39
27
11
8
0
;
; frq track 4 (harmonic 1)
; Freq. diffs.
; 
f503	0	32	-2
0.273
-1.654
0.202
0.270
-2.583
-0.795
0.234
0.271
-0.679
0.238
0.271
0.273
0.273
0.273
-0.691
0.237
1.223
-0.656
-0.725
-0.727
0.225
-0.692
-0.726
0.236
0.271
0.273
-0.691
-0.726
-1.679
-0.762
-0.729
;
; amp track 5 (harmonic 2)
; peak time 658 ms
;
f504	0	32	-2
0
26
121
300
826
1302
828
3417
3891
3613
3071
2699
1981
1715
2259
1548
854
405
375
293
209
138
94
57
51
55
31
9
14
8
0
;
; frq track 6 (harmonic 2)
; Freq. diffs.
; 
f505	0	32	-2
0.909
4.763
-2.804
0.773
-1.953
-0.159
-2.984
-1.160
0.809
1.869
0.944
0.910
0.909
-1.981
-0.160
-0.093
-0.091
-1.054
0.837
-0.057
-0.089
0.873
0.908
-1.018
-0.136
-0.093
-1.054
-3.980
-1.230
-2.059
-0.163
;
; amp track 7 (harmonic 3)
; peak time 822 ms
;
f506	0	32	-2
0
40
48
202
425
2597
4405
4611
1947
5004
6074
6001
5760
4986
4446
2612
806
143
173
121
90
80
110
121
123
100
36
7
7
7
0
;
; frq track 8 (harmonic 3)
; Freq. diffs.
; 
f507	0	32	-2
0.000
4.817
4.030
0.147
-4.752
-1.137
-0.042
-2.892
4.620
0.169
0.006
0.000
0.952
0.998
0.037
0.001
-0.952
-4.852
0.786
2.919
0.141
0.005
-0.963
-0.999
-0.048
-0.965
-0.999
1.890
-5.620
-5.986
-3.109
;
; amp track 9 (harmonic 4)
; peak time 904 ms
;
f508	0	32	-2
0
16
38
99
404
1180
1719
1020
2763
3018
3022
3171
3023
1495
1482
812
111
113
174
135
93
25
22
10
6
10
12
8
6
5
0
;
; frq track 10 (harmonic 4)
; Freq. diffs.
; 
f509	0	32	-2
0.727
-0.236
13.216
-0.743
-0.295
0.690
0.726
4.581
-0.991
0.664
0.725
1.691
1.725
4.617
0.870
-0.231
-8.837
-4.440
0.538
-0.243
3.536
4.684
-2.982
4.445
-10.515
2.243
-0.181
-2.196
-2.269
-4.199
-4.270
;
; amp track 11 (harmonic 5)
; peak time 987 ms
;
f510	0	32	-2
0
4
40
176
455
1719
2497
2299
2099
1939
2979
3595
4187
2616
784
845
560
181
121
76
46
82
79
51
40
20
13
3
1
1
0
;
; frq track 12 (harmonic 5)
; Freq. diffs.
; 
f511	0	32	-2
-0.091
-21.286
2.024
-1.940
-2.084
-1.127
-1.092
-3.981
-0.278
0.866
-0.056
0.874
0.907
-0.054
-2.980
-1.160
-1.094
3.726
0.049
0.878
-0.996
-1.087
-0.127
-1.056
-0.137
-0.093
-0.091
3.763
-3.712
-5.040
-10.870
;
; amp track 13 (harmonic 6)
; peak time 904 ms
;
f512	0	32	-2
0
10
21
121
478
1411
1987
660
1159
1987
2790
3177
2473
1112
1327
923
500
227
154
91
52
28
16
10
4
5
1
2
1
1
0
;
; frq track 14 (harmonic 6)
; Freq. diffs.
; 
f513	0	32	-2
0.727
-1.200
3.547
-3.987
-4.259
-1.382
-0.313
5.506
-2.850
-1.330
-0.311
0.689
0.725
3.617
-0.130
-1.231
-1.271
-0.309
-0.274
-1.236
-0.319
-1.238
-3.198
0.584
-1.183
-1.269
-8.017
-1.519
12.041
-9.456
0.355
;
; amp track 15 (harmonic 7)
; peak time 822 ms
;
f514	0	32	-2
0
5
66
159
373
733
851
1941
2740
2863
2932
2707
2860
2371
2049
1174
541
149
119
36
30
13
4
12
15
10
6
1
2
1
0
;
; frq track 16 (harmonic 7)
; Freq. diffs.
; 
f515	0	32	-2
0.182
13.670
-2.215
-0.869
-1.772
-1.817
-2.782
-0.890
-0.822
0.145
0.180
0.182
0.182
2.109
-0.711
-1.778
-1.816
-3.745
-0.925
-1.786
7.701
0.457
-14.259
0.617
3.058
-0.676
-3.703
10.637
-1.218
-6.613
-1.994
;
; amp track 17 (harmonic 8)
; peak time 740 ms
;
f516	0	32	-2
0
8
17
46
381
670
631
821
1779
2990
2269
2379
2552
2142
1100
569
316
71
58
30
53
43
39
20
14
9
4
1
1
2
0
;
; frq track 18 (harmonic 8)
; Freq. diffs.
; 
f517	0	32	-2
2.455
-0.436
-8.249
9.770
-2.904
0.332
-0.513
0.419
2.356
1.488
2.419
1.490
2.408
2.453
-0.436
-0.541
-2.449
-2.542
4.199
-6.152
-0.816
-0.555
1.381
-0.475
-0.542
0.418
0.453
3.345
-4.165
-7.422
-3.687
;
; amp track 19 (harmonic 9)
; peak time 987 ms
;
f518	0	32	-2
0
3
42
118
133
704
1065
618
75
776
1125
1736
2188
1906
363
392
282
254
133
67
13
8
4
6
6
1
2
2
0
1
0
;
; frq track 20 (harmonic 9)
; Freq. diffs.
; 
f519	0	32	-2
0.455
0.455
-0.509
-3.434
0.267
-0.516
-1.508
-0.581
18.489
-0.812
0.408
0.453
1.406
0.489
-1.471
-0.579
-3.403
-1.613
-0.585
0.417
4.260
-4.223
-4.534
-2.618
3.162
2.480
-0.435
6.202
-4.979
-6.488
-6.543
;
; source file ../data/Cello-arco-reference-1st/arco-ppG5.het
; via ../data/Cello-arco-reference-1st/arco-ppG5.asc
;
; number of harmonics (amp/frq track pairs):
; 10
;
; duration 2.127000 s
; avg. peak time 524 ms
; avg. release time 666 ms
; peak amp 10100 (track 1)
;
;
; amp track 1 (harmonic 0)
; peak time 425 ms
;
f520	0	16	-2
0
1956
1517
9496
7004
3377
592
4115
1368
301
836
557
155
168
139
0
;
; frq track 2 (harmonic 0)
; Freq. diffs.
; 
f521	0	16	-2
3.667
5.539
-20.370
6.622
15.030
3.537
-32.852
2.954
-2.891
19.008
10.325
-0.512
-12.515
-8.628
3.730
3.730
;
; amp track 3 (harmonic 1)
; peak time 709 ms
;
f522	0	16	-2
0
742
5013
6573
6305
9051
3002
1687
874
575
222
161
145
93
85
0
;
; frq track 4 (harmonic 1)
; Freq. diffs.
; 
f523	0	16	-2
-8.500
-24.415
-14.269
-5.188
14.973
7.097
5.602
2.719
0.656
-4.137
-10.052
-7.680
-11.256
-14.272
-14.484
-14.484
;
; amp track 5 (harmonic 2)
; peak time 425 ms
;
f524	0	16	-2
0
1743
1235
7433
4417
5213
1137
1038
664
530
143
130
130
92
45
0
;
; frq track 6 (harmonic 2)
; Freq. diffs.
; 
f525	0	16	-2
11.833
-4.082
42.318
19.558
3.082
34.456
-19.489
-39.640
-9.454
0.109
31.458
14.145
0.747
11.982
9.055
9.055
;
; amp track 7 (harmonic 3)
; peak time 567 ms
;
f526	0	16	-2
0
348
1279
3220
3560
2367
948
431
107
45
30
46
45
17
43
0
;
; frq track 8 (harmonic 3)
; Freq. diffs.
; 
f527	0	16	-2
-6.667
-17.901
7.415
-3.816
6.548
10.067
-35.556
-54.250
-23.032
77.702
23.444
15.904
-10.843
-5.102
-12.134
-12.134
;
; amp track 9 (harmonic 4)
; peak time 425 ms
;
f528	0	16	-2
0
207
1467
1686
982
1074
370
178
54
49
30
17
7
17
8
0
;
; frq track 10 (harmonic 4)
; Freq. diffs.
; 
f529	0	16	-2
-17.333
-64.142
-60.602
-11.084
-6.668
27.108
-34.156
39.116
-1.273
-24.568
-6.688
-32.386
-43.571
-37.772
-7.618
-7.618
;
; amp track 11 (harmonic 5)
; peak time 425 ms
;
f530	0	16	-2
0
151
286
1425
1091
1408
531
197
56
27
24
4
14
6
3
0
;
; frq track 12 (harmonic 5)
; Freq. diffs.
; 
f531	0	16	-2
-7.667
-41.369
-64.885
-21.921
-21.685
48.050
-17.216
-24.142
-1.390
1.142
-7.976
-199.181
-50.785
-99.942
8.145
8.145
;
; amp track 13 (harmonic 6)
; peak time 567 ms
;
f532	0	16	-2
0
26
182
259
743
416
421
112
70
15
8
10
3
1
5
0
;
; frq track 14 (harmonic 6)
; Freq. diffs.
; 
f533	0	16	-2
-8.500
-106.798
-25.648
-19.003
17.718
15.656
19.255
-52.095
4.233
39.805
-23.690
48.064
-116.294
176.332
48.207
48.207
;
; amp track 15 (harmonic 7)
; peak time 425 ms
;
f534	0	16	-2
0
50
144
646
522
459
225
106
24
6
12
11
3
3
5
0
;
; frq track 16 (harmonic 7)
; Freq. diffs.
; 
f535	0	16	-2
-14.667
-58.667
57.531
4.361
-62.594
37.733
-95.577
-57.547
-104.137
214.216
-0.407
-45.268
157.508
-39.725
-22.009
-22.009
;
; amp track 17 (harmonic 8)
; peak time 567 ms
;
f536	0	16	-2
0
19
90
326
374
208
82
48
18
6
3
3
2
2
3
0
;
; frq track 18 (harmonic 8)
; Freq. diffs.
; 
f537	0	16	-2
15.333
334.567
79.646
30.088
-4.078
72.530
107.920
35.797
40.944
-81.398
-163.450
-70.693
163.375
-50.466
69.263
69.263
;
; amp track 19 (harmonic 9)
; peak time 709 ms
;
f538	0	16	-2
0
42
63
190
149
420
109
54
30
28
8
8
3
3
2
0
;
; frq track 20 (harmonic 9)
; Freq. diffs.
; 
f539	0	16	-2
35.667
-55.142
-114.813
-64.170
46.298
64.303
-7.442
-21.285
-29.696
13.401
-15.169
50.678
-79.460
302.714
-18.034
-18.034
;
; source file ../data/Cello-arco-reference-1st/arco-ffC2.het
; via ../data/Cello-arco-reference-1st/arco-ffC2.asc
;
; number of harmonics (amp/frq track pairs):
; 10
;
; duration 3.528000 s
; avg. peak time 1251 ms
; avg. release time 1411 ms
; peak amp 7419 (track 7)
;
;
; amp track 1 (harmonic 0)
; peak time 910 ms
;
f540	0	32	-2
0
6
8
36
25
34
35
48
60
46
43
36
22
25
36
53
40
32
26
50
36
24
14
9
8
4
3
2
1
0
1
0
;
; frq track 2 (harmonic 0)
; Freq. diffs.
; 
f541	0	32	-2
-13.364
22.654
36.146
17.321
15.695
-17.169
17.380
-13.521
-13.369
-5.645
17.784
18.606
21.530
-13.411
-9.506
1.245
-9.956
-13.244
12.693
-12.672
-13.339
-15.293
-12.466
-12.367
-3.680
-12.133
-8.496
-4.509
-16.913
17.389
-8.425
-8.425
;
; amp track 3 (harmonic 1)
; peak time 1252 ms
;
f542	0	32	-2
0
10
131
687
1928
3438
4382
2485
1292
4126
5997
6579
6040
4923
4191
3827
3106
2264
1529
768
486
409
379
235
155
88
61
32
10
3
5
0
;
; frq track 4 (harmonic 1)
; Freq. diffs.
; 
f543	0	32	-2
0.000
6.814
1.204
-1.888
-0.066
-0.002
-0.000
0.000
-0.965
-0.034
-0.001
-0.000
-0.965
-0.026
-0.001
-0.000
0.000
0.000
0.000
0.973
0.034
-1.929
-0.068
-0.002
-0.965
-0.999
-1.000
-1.965
-2.964
-3.964
-3.034
-3.034
;
; amp track 5 (harmonic 2)
; peak time 1252 ms
;
f544	0	32	-2
0
6
82
471
730
1596
2488
1316
688
2983
4478
5401
3267
758
2443
3498
2333
893
108
1547
946
944
470
357
275
135
92
39
5
10
6
0
;
; frq track 6 (harmonic 2)
; Freq. diffs.
; 
f545	0	32	-2
1.000
15.602
7.302
-0.709
0.940
0.998
1.000
-0.947
-7.753
-0.272
-0.010
0.965
1.964
7.840
3.170
2.041
2.001
2.965
-22.089
0.387
0.978
0.999
0.035
0.966
0.999
0.027
0.966
-0.931
7.687
0.270
-1.920
-1.920
;
; amp track 7 (harmonic 3)
; peak time 1366 ms
;
f546	0	32	-2
0
15
37
241
1755
3467
1933
4216
2914
3253
3595
6563
7389
6938
5534
6390
6644
5675
3671
2919
2076
1031
439
263
142
67
52
35
34
3
5
0
;
; frq track 8 (harmonic 3)
; Freq. diffs.
; 
f547	0	32	-2
-0.364
-6.204
-6.358
-2.504
-1.404
-1.365
0.566
-2.286
-1.396
0.565
0.634
0.636
0.636
-0.337
-0.363
-0.364
-0.364
-0.364
0.601
0.635
-1.294
-1.361
-1.364
-0.399
-0.365
-0.364
-1.329
-0.397
-1.330
11.181
-4.783
-4.783
;
; amp track 9 (harmonic 4)
; peak time 1138 ms
;
f548	0	32	-2
0
3
24
200
804
1269
2080
3336
2474
2736
3419
1416
643
321
1403
2408
2715
2752
2002
924
621
214
242
151
79
33
12
7
4
6
3
0
;
; frq track 10 (harmonic 4)
; Freq. diffs.
; 
f549	0	32	-2
-0.364
-6.204
17.765
-0.692
-2.305
-0.432
-0.366
-1.337
0.567
0.634
-0.329
-0.362
0.601
3.556
-0.226
-0.359
-0.363
-0.364
-0.364
-0.364
-1.329
-5.222
-1.499
-0.403
-0.365
-1.337
-6.187
-10.217
1.220
-4.168
-6.287
-6.287
;
; amp track 11 (harmonic 5)
; peak time 1138 ms
;
f550	0	32	-2
0
5
32
246
1209
1413
1025
1578
3731
3510
4712
4489
4234
2762
3234
2444
1975
1915
1867
1433
663
251
97
37
11
9
6
5
2
1
0
0
;
; frq track 12 (harmonic 5)
; Freq. diffs.
; 
f551	0	32	-2
-0.091
3.803
-3.814
0.743
-1.027
-1.089
-3.021
-0.169
-0.094
0.874
0.908
0.909
-0.056
-0.090
0.874
0.908
-0.056
-0.090
0.874
-2.012
-2.088
-2.091
-1.126
2.768
1.939
-1.010
-1.088
-2.056
-5.949
-4.156
-4.093
-4.093
;
; amp track 13 (harmonic 6)
; peak time 1366 ms
;
f552	0	32	-2
0
3
25
274
1052
1287
1000
812
614
982
794
1799
2795
2595
2152
1634
1258
1185
987
841
724
240
106
37
16
19
26
14
6
1
1
0
;
; frq track 14 (harmonic 6)
; Freq. diffs.
; 
f553	0	32	-2
0.364
-2.557
-2.634
-1.671
-1.638
-0.671
-0.638
-1.610
-4.530
-2.703
-0.709
0.326
0.362
0.364
0.364
0.364
1.329
0.397
-0.600
-0.635
-1.601
-3.565
-1.704
-2.604
-1.670
-0.664
-1.602
-1.635
-0.671
-2.567
-10.353
-10.353
;
; amp track 15 (harmonic 7)
; peak time 1252 ms
;
f554	0	32	-2
0
2
52
236
517
1073
1844
1981
1764
3017
2536
3458
2934
2619
820
1726
2206
1969
1467
1543
767
272
94
34
46
28
15
5
3
1
1
0
;
; frq track 16 (harmonic 7)
; Freq. diffs.
; 
f555	0	32	-2
0.091
9.825
-5.357
-0.100
-2.811
-0.011
-0.878
-0.908
-0.909
-0.909
1.986
-0.808
0.059
1.063
-2.770
0.955
1.086
1.091
1.091
-1.829
-1.906
-1.909
-1.909
-2.874
-1.943
-1.910
-1.909
-1.909
-0.944
1.984
-7.562
-7.562
;
; amp track 17 (harmonic 8)
; peak time 1366 ms
;
f556	0	32	-2
0
4
39
206
356
790
1476
474
1226
512
530
1767
2487
1562
1785
2182
1779
1132
772
597
345
108
63
41
3
8
14
2
1
1
1
0
;
; frq track 18 (harmonic 8)
; Freq. diffs.
; 
f557	0	32	-2
0.727
-10.954
5.142
-2.013
-2.264
-1.307
-1.274
0.674
-2.169
-6.129
2.417
0.787
0.729
-0.246
-0.272
-0.273
0.692
-0.239
-0.272
-2.220
-1.306
-4.169
-2.339
0.620
-6.996
-0.451
-0.279
-2.203
-9.990
5.176
-8.766
-8.766
;
; amp track 19 (harmonic 9)
; peak time 1479 ms
;
f558	0	32	-2
0
2
40
81
551
621
168
1246
472
711
1365
1075
1710
1935
1283
1381
1012
166
358
485
305
91
64
44
34
18
15
5
2
1
1
0
;
; frq track 20 (harmonic 9)
; Freq. diffs.
; 
f559	0	32	-2
0.636
-18.833
-3.906
1.442
-1.265
-2.325
10.182
-3.004
5.333
5.626
0.811
1.607
0.670
0.637
0.636
0.636
0.636
-5.153
1.398
-0.317
-1.327
-3.292
-0.466
-0.367
-0.364
-1.337
-0.398
-4.224
-7.253
3.254
-12.781
-12.781
;
; source file ../data/Cello-arco-reference-1st/arco-ffG5.het
; via ../data/Cello-arco-reference-1st/arco-ffG5.asc
;
; number of harmonics (amp/frq track pairs):
; 10
;
; duration 3.058000 s
; avg. peak time 835 ms
; avg. release time 1060 ms
; peak amp 14772 (track 1)
;
;
; amp track 1 (harmonic 0)
; peak time 815 ms
;
f560	0	16	-2
0
3972
8106
13659
14701
12139
9027
5355
3785
1687
398
479
239
159
132
0
;
; frq track 2 (harmonic 0)
; Freq. diffs.
; 
f561	0	16	-2
172.500
-46.727
404.770
-14.934
411.477
-51.021
-71.131
-77.094
-80.283
-87.040
371.680
-41.386
-78.944
-103.808
-107.265
-107.265
;
; amp track 3 (harmonic 1)
; peak time 611 ms
;
f562	0	16	-2
0
883
4483
9668
7884
8450
5203
2936
2560
1619
712
219
290
263
168
0
;
; frq track 4 (harmonic 1)
; Freq. diffs.
; 
f563	0	16	-2
0.833
-17.984
2.443
9.362
22.911
5.049
-0.771
-1.141
9.134
-2.383
-7.825
12.453
-4.980
3.272
10.352
10.352
;
; amp track 5 (harmonic 2)
; peak time 1019 ms
;
f564	0	16	-2
0
643
806
2171
4744
5911
5574
2569
1592
867
357
143
166
132
50
0
;
; frq track 6 (harmonic 2)
; Freq. diffs.
; 
f565	0	16	-2
92.333
-126.893
-166.005
-175.987
357.053
-115.503
-154.980
-190.265
285.923
-117.227
298.231
364.802
-132.799
-151.401
311.806
311.806
;
; amp track 7 (harmonic 3)
; peak time 1019 ms
;
f566	0	16	-2
0
884
1727
1276
2057
3128
897
1775
953
207
97
60
48
36
15
0
;
; frq track 8 (harmonic 3)
; Freq. diffs.
; 
f567	0	16	-2
293.000
295.823
282.881
326.061
333.494
254.385
-226.284
239.310
256.809
-219.576
-264.197
191.953
280.943
305.340
-152.817
-152.817
;
; amp track 9 (harmonic 4)
; peak time 815 ms
;
f568	0	16	-2
0
197
341
657
1214
695
361
642
467
86
30
16
16
20
7
0
;
; frq track 10 (harmonic 4)
; Freq. diffs.
; 
f569	0	16	-2
291.500
61.924
113.022
524.494
121.902
521.315
23.390
48.772
495.120
-482.931
-559.678
455.410
67.877
72.205
-19.274
-19.274
;
; amp track 11 (harmonic 5)
; peak time 1019 ms
;
f570	0	16	-2
0
153
517
397
723
879
178
273
183
69
77
35
14
11
4
0
;
; frq track 12 (harmonic 5)
; Freq. diffs.
; 
f571	0	16	-2
175.000
167.473
168.903
-260.756
174.383
171.216
-873.869
175.572
146.012
198.432
182.030
187.620
224.490
207.178
-133.792
-133.792
;
; amp track 13 (harmonic 6)
; peak time 407 ms
;
f572	0	16	-2
0
60
761
677
469
459
300
353
144
43
31
11
6
5
8
0
;
; frq track 14 (harmonic 6)
; Freq. diffs.
; 
f573	0	16	-2
32.500
-81.347
259.313
210.802
266.696
-214.732
228.343
-216.240
242.291
-309.915
272.884
-206.848
-102.596
238.298
-148.194
-148.194
;
; amp track 15 (harmonic 7)
; peak time 1019 ms
;
f574	0	16	-2
0
40
242
525
194
557
458
382
91
39
40
22
15
11
4
0
;
; frq track 16 (harmonic 7)
; Freq. diffs.
; 
f575	0	16	-2
10.500
-9.259
-448.597
47.719
-51.731
-17.809
-10.966
7.260
21.529
-1.905
-1.524
49.057
39.173
31.989
68.982
68.982
;
; amp track 17 (harmonic 8)
; peak time 815 ms
;
f576	0	16	-2
0
68
136
241
341
196
139
212
87
26
11
12
8
3
7
0
;
; frq track 18 (harmonic 8)
; Freq. diffs.
; 
f577	0	16	-2
64.167
-129.656
324.271
-46.591
377.314
163.706
-201.010
338.449
-35.389
-66.702
-162.796
270.664
-94.949
-215.620
43.528
43.528
;
; amp track 19 (harmonic 9)
; peak time 815 ms
;
f578	0	16	-2
0
55
168
149
227
206
101
147
81
41
12
7
4
9
5
0
;
; frq track 20 (harmonic 9)
; Freq. diffs.
; 
f579	0	16	-2
-49.833
-97.819
82.869
-133.132
-499.872
-49.488
138.380
23.019
-100.431
-2.499
-40.449
128.657
-45.949
2.845
-327.359
-327.359
;
